10044
10577
11370
11730
12027
12541
12776
12957
13057
13088
13341
13808
14433
14722
14779
11357
11520
11575
11719
12009
12084
12561
12789
12817-0747
12853-0420
12887
12919-4966
13104
13212
13368
14263
14414
14624
10954
11127
11413
11414
11757
12303
12528
12816
12842-2021
12937
13037
13039
13116
14454
14482
14485
10122
10928
11362
11434
11598
11722
11779
12205
12501
12508
12919
13131
14611
14692
11417
11701
12522
13066
13428
13618
13865
14450
14813
11249
11361
12110
12201
12206
12832
13090
13135
13305
13357
13842
14580
14589
10303
10528
10573
10965
11200
11696
12188
12545
13317
14212
10060
10472
10993
11967
12122
12809
13211
13216
14445
10702
10805
11214
11360
11369
11720
11727
11953
12037
12065
12192
12834
12996
13040
13743
13811
14201
14206
14423
14502
10028
10956
11752
12164
12220
12306
12402
12524
12846
13035
13148
13323
14480
14487
10473
10474
10583
10916
11798
11934
12564
12754
12853
12885
12885-1837
13027
13605
13778
13902
14004
11208
11557
11769
12439
12462
12516
12518
12592
12828
13052
13083
13491
14213
10551
10580
11222
11937
12413
12414
12814-0539
13214
13335
13827
14009
14534
14625
10578
11420
11427
11429
11693
11694
12184
12540
12549
12779
12822
12828-1811
12885-1890
13411
13673
14072
14101
14201-2398
14467
14590
14724
14902
10920
10927
11101
11245
12033
12061
12325
12839
12865
13309
13456
13480
13661
14619
10516
10543
11239
11318
12090
12167
12842
12845
12893
13036
13142
13145
13835
14047
14303
14521
14526
14718
14744
14892
