10003
10011
10016
10019
10021
10025
10029
10032
10034
10037
10038
10305
10309
10310
10451
10456
10457
10461
10466
10467
10512
10522
10549
10550
10567
10591
10595
10601
10701
10708
10802
10901
10940
10960
10990
11030
11040
11102
11201
11203
11206
11212-3139
11213
11215
11219
11220
11229
11234
11235
11237
11355
11373
11375
11418
11432
11501
11542
11554
11561
11570
11572
11576
11580
11691
11706
11714
11743
11772
11777
11787
11791
11794
11795
11803
11901
11944
11968
12010
12043
12078
12180
12204
12208
12308
12401
12428
12455
12534
12550
12572
12601
12723
12742
12771
12801
12866
12883
12901
12932
12946
12953
12983
13021
13045
13126
13203
13210
13215
13326
13346
13365
13367
13421
13440
13501
13502
13601
13607
13619
13642
13662
13669
13676
13690
13753
13790
13815
13820
13838
13856
13903
13905
14020
14048
14081
14092
14094
14103
14120
14127
14141
14203
14214
14215
14217
14220
14221
14225
14302
14420
14424
14432
14437
14456
14513
14527
14569
14620
14621
14626
14642
14701
14760
14787
14810
14830
14843
14850
14865
14895
14901
14905
